1000 4.7e-05
2000 4.1e-05
3000 6e-05
4000 5.3e-05
5000 2.3e-05
6000 4.6e-05
7000 0.00025
8000 8.5e-05
9000 0.000144
10000 8.4e-05
11000 0.000529
12000 0.00024
13000 0.000144
14000 7.8e-05
15000 0.000329
16000 0.000104
17000 0.000159
18000 0.000166
19000 0.000179
20000 0.000192
21000 0.000201
22000 0.000197
23000 0.000244
24000 0.000171
25000 0.000174
26000 0.000156
27000 0.000199
28000 0.000223
29000 0.000221
30000 0.000317
31000 0.000125
32000 0.000201
33000 0.000161
34000 0.000214
35000 0.000188
36000 0.000206
37000 0.000151
38000 0.00023
39000 0.000221
40000 0.000167
41000 0.000298
42000 0.000233
43000 0.000245
44000 0.000306
45000 0.000485
46000 0.00034
47000 0.000224
48000 0.000253
49000 0.00023
50000 0.000246
51000 0.00026
52000 0.000266
53000 0.000406
54000 0.000201
55000 0.000193
56000 0.000254
57000 0.00039
58000 0.000288
59000 0.000289
60000 0.000325
61000 0.000276
62000 0.000435
63000 0.000268
64000 0.000311
65000 0.000343
66000 0.000413
67000 0.00032
68000 0.000394
69000 0.000359
70000 0.000346
71000 0.00037
72000 0.000377
73000 0.00035
74000 0.000348
75000 0.000352
76000 0.000379
77000 0.000407
78000 0.000393
79000 0.000413
80000 0.000412
81000 0.000364
82000 0.000386
83000 0.000185
84000 0.00039
85000 0.000503
86000 0.000413
87000 0.000394
88000 0.000153
89000 0.001115
90000 0.000393
91000 0.000407
92000 0.000447
93000 0.000469
94000 0.000412
95000 0.000442
96000 0.000597
97000 0.000101
98000 0.000518
99000 0.00051
100000 0.000429
