1000 0.000001
2000 0.000001
3000 0.000001
4000 0.000004
5000 0.000002
6000 0.000002
7000 0.000002
8000 0.000003
9000 0.000002
10000 0.000001
11000 0.000002
12000 0.000002
13000 0.000002
14000 0.000002
15000 0.000002
16000 0.000002
17000 0.000002
18000 0.000002
19000 0.000003
20000 0.000003
21000 0.000001
22000 0.000002
23000 0.000002
24000 0.000002
25000 0.000004
26000 0.000003
27000 0.000002
28000 0.000002
29000 0.000002
30000 0.000002
31000 0.000002
32000 0.000002
33000 0.000002
34000 0.000002
35000 0.000002
36000 0.000002
37000 0.000002
38000 0.000004
39000 0.000003
40000 0.000001
41000 0.000003
42000 0.000003
43000 0.000002
44000 0.000002
45000 0.000003
46000 0.000002
47000 0.000002
48000 0.000004
49000 0.000003
50000 0.000002
51000 0.000003
52000 0.000002
53000 0.000002
54000 0.000002
55000 0.000003
56000 0.000002
57000 0.000002
58000 0.000002
59000 0.000002
60000 0.000004
61000 0.000002
62000 0.000001
63000 0.000003
64000 0.000002
65000 0.000003
66000 0.000002
67000 0.000002
68000 0.000002
69000 0.000002
70000 0.000003
71000 0.000003
72000 0.000001
73000 0.000002
74000 0.000003
75000 0.000002
76000 0.000002
77000 0.000003
78000 0.000002
79000 0.000003
80000 0.000002
81000 0.000003
82000 0.000002
83000 0.000003
84000 0.000002
85000 0.000002
86000 0.000002
87000 0.000002
88000 0.000003
89000 0.000001
90000 0.000002
91000 0.000003
92000 0.000001
93000 0.000002
94000 0.000003
95000 0.000003
96000 0.000002
97000 0.000003
98000 0.000003
99000 0.000002
100000 0.000003
