10000 0.002397
11000 0.002493
12000 0.002875
13000 0.002869
14000 0.004623
15000 0.004437
16000 0.004180
17000 0.004578
18000 0.003437
19000 0.003405
20000 0.003436
21000 0.003516
22000 0.003654
23000 0.003658
24000 0.003759
25000 0.003649
26000 0.002962
27000 0.002877
28000 0.002888
29000 0.002997
30000 0.002984
31000 0.002890
32000 0.002910
33000 0.003063
34000 0.003045
35000 0.003048
36000 0.003159
37000 0.003265
38000 0.003140
39000 0.003170
40000 0.004284
41000 0.006728
42000 0.003265
43000 0.003162
44000 0.003529
45000 0.003165
46000 0.003231
47000 0.003237
48000 0.003239
49000 0.003143
50000 0.003330
51000 0.003189
52000 0.003186
53000 0.003281
54000 0.003247
55000 0.003192
56000 0.003080
57000 0.003242
58000 0.003094
59000 0.003246
60000 0.003144
61000 0.003518
62000 0.003390
63000 0.003305
64000 0.003408
65000 0.003706
66000 0.004528
67000 0.004086
68000 0.004092
69000 0.010877
70000 0.009613
71000 0.005626
72000 0.014197
73000 0.015405
74000 0.009446
75000 0.004006
76000 0.003809
77000 0.006697
78000 0.005066
79000 0.003961
80000 0.003843
81000 0.005080
82000 0.004210
83000 0.003915
84000 0.005335
85000 0.004429
86000 0.003993
87000 0.004153
88000 0.004268
89000 0.003952
90000 0.004052
91000 0.006913
92000 0.004062
93000 0.004463
94000 0.004595
95000 0.004229
96000 0.004682
97000 0.004157
98000 0.004029
99000 0.004232
100000 0.003722
