10000 0.705656
11000 0.714112
12000 0.713315
13000 0.729843
14000 0.727662
15000 0.669176
16000 0.709381
17000 0.778441
18000 0.836218
19000 0.868709
20000 0.865430
21000 0.766625
22000 0.894599
23000 0.920586
24000 0.894582
25000 0.950935
26000 0.948115
27000 1.021622
28000 0.865478
29000 0.993254
30000 1.018581
31000 1.074116
32000 1.045242
33000 1.107787
34000 0.920061
35000 0.990578
36000 1.121791
37000 1.233867
38000 1.219783
39000 1.259923
40000 1.266950
41000 1.195760
42000 1.517801
43000 1.310815
44000 1.375105
45000 1.396051
46000 1.525259
47000 1.542025
48000 1.534836
49000 1.320850
50000 1.632816
51000 1.325765
52000 1.241372
53000 1.317826
54000 1.423332
55000 1.420326
56000 1.435421
57000 1.517075
58000 1.390472
59000 1.362302
60000 1.254348
61000 1.381058
62000 1.520601
63000 1.512722
64000 1.480863
65000 1.512978
66000 1.310377
67000 1.496769
68000 1.564629
69000 1.699321
70000 1.620876
71000 1.552096
72000 1.614035
73000 1.546007
74000 1.583794
75000 1.572439
76000 1.765086
77000 1.788949
78000 1.654174
79000 1.640076
80000 1.630593
81000 1.721499
82000 1.721511
83000 1.813341
84000 1.981014
85000 2.474013
86000 2.330790
87000 2.256313
88000 2.233885
89000 3.439708
90000 3.455604
91000 2.808663
92000 3.178665
93000 2.906550
94000 2.272051
95000 2.599764
96000 2.651105
97000 2.763837
98000 2.897541
99000 2.713911
100000 2.412538
