10000 0.008001
11000 0.011915
12000 0.007002
13000 0.007566
14000 0.009335
15000 0.010061
16000 0.009943
17000 0.008646
18000 0.011432
19000 0.014533
20000 0.013645
21000 0.013390
22000 0.008971
23000 0.014404
24000 0.010846
25000 0.015510
26000 0.017973
27000 0.014951
28000 0.016283
29000 0.009075
30000 0.010267
31000 0.010660
32000 0.009166
33000 0.010330
34000 0.014621
35000 0.012020
36000 0.009016
37000 0.010487
38000 0.009333
39000 0.013603
40000 0.016998
41000 0.016020
42000 0.010195
43000 0.010668
44000 0.010465
45000 0.013330
46000 0.010948
47000 0.011642
48000 0.011292
49000 0.012686
50000 0.015588
51000 0.012367
52000 0.014261
53000 0.011782
54000 0.016509
55000 0.008565
56000 0.012757
57000 0.009295
58000 0.012343
59000 0.009793
60000 0.012108
61000 0.009493
62000 0.010827
63000 0.009455
64000 0.009996
65000 0.011983
66000 0.010195
67000 0.011148
68000 0.010759
69000 0.010012
70000 0.013204
71000 0.010236
72000 0.009975
73000 0.012429
74000 0.010164
75000 0.010786
76000 0.011362
77000 0.011980
78000 0.012337
79000 0.012235
80000 0.012974
81000 0.014873
82000 0.012349
83000 0.012809
84000 0.013802
85000 0.016651
86000 0.018112
87000 0.012476
88000 0.013489
89000 0.015032
90000 0.013246
91000 0.013182
92000 0.016315
93000 0.015630
94000 0.014167
95000 0.014082
96000 0.013508
97000 0.014898
98000 0.016642
99000 0.016649
100000 0.013407
