0.001019
0.001245
0.001764
0.002145
0.002082
0.002941
0.003086
0.003495
0.003703
0.004626
0.006041
0.005918
0.007607
0.008374
0.009094
0.009883
0.009790
0.010653
0.011751
0.012047
0.014187
0.015067
0.013924
0.013962
0.015645
0.015517
0.018902
0.018071
0.019659
0.020143
0.021860
0.001024
0.001252
0.001527
0.001838
0.002114
0.002567
0.003108
0.003442
0.003801
0.004528
0.005654
0.005671
0.007379
0.008118
0.008657
0.009897
0.010517
0.011394
0.011998
0.010626
0.012835
0.013270
0.013774
0.013969
0.016474
0.016077
0.016849
0.017876
0.018821
0.020039
0.021683
0.001027
0.001231
0.001489
0.001926
0.002108
0.002809
0.003189
0.003348
0.003686
0.004900
0.004809
0.006333
0.007458
0.008096
0.008937
0.009770
0.010255
0.011318
0.010229
0.011907
0.011824
0.014358
0.016027
0.016739
0.016268
0.016524
0.018629
0.018496
0.019361
0.022390
0.021071
0.001247
0.001702
0.001847
0.002382
0.002770
0.003251
0.003560
0.003690
0.004311
0.005942
0.005790
0.005775
0.005870
0.007131
0.007663
0.007976
0.008671
0.009260
0.010398
0.011003
0.011139
0.013236
0.013548
0.014432
0.015298
0.015795
0.017275
0.018072
0.020550
0.023849
0.022914
