0.000177
0.000213
0.000349
0.000294
0.000419
0.000387
0.000500
0.000535
0.000552
0.001165
0.000684
0.001230
0.001382
0.001606
0.001774
0.001916
0.001911
0.001602
0.002500
0.002539
0.002671
0.002758
0.002120
0.002035
0.001997
0.002118
0.002237
0.002507
0.002406
0.002590
0.002777
0.000201
0.000233
0.000271
0.000320
0.000371
0.000423
0.000466
0.000830
0.000595
0.000823
0.000714
0.001312
0.001431
0.001439
0.001701
0.001869
0.002198
0.002070
0.002194
0.001798
0.001597
0.001860
0.001805
0.001932
0.001960
0.002103
0.002300
0.002583
0.002440
0.002654
0.002674
0.000197
0.000243
0.000264
0.000322
0.000362
0.000534
0.000506
0.000528
0.000600
0.001155
0.000715
0.001244
0.001357
0.001639
0.001515
0.001816
0.002154
0.001549
0.001583
0.001641
0.001689
0.002678
0.002887
0.003158
0.002134
0.002182
0.002202
0.002465
0.002526
0.003304
0.002698
0.000277
0.000403
0.000467
0.000527
0.000563
0.000712
0.000721
0.000632
0.000711
0.001104
0.000758
0.000775
0.000835
0.000911
0.000992
0.001053
0.001710
0.001274
0.001349
0.001481
0.001532
0.002751
0.001823
0.002122
0.002045
0.003120
0.002360
0.002283
0.004058
0.003387
0.003149
0.000221
0.000264
0.000373
0.000365
0.000472
0.000595
0.000813
0.000614
0.001369
0.000764
0.001908
0.003291
0.002052
0.002041
0.002084
0.002590
0.002611
0.002825
0.002734
0.002741
0.002710
0.003349
0.003807
0.003541
0.002783
0.002895
0.002985
0.003691
0.003739
0.003571
0.003937
